2.1734
4.7833
4.1395
4.4773
5.4634
4.086
5.961
6.0247
4.1982
5.9807
5.3051
4.1727
2.9033
0.4654
1.7777
1.7234
1.0658
-1.2769
-1.2416
0.1853
3.437
3.3832
4.3655
5.7038
5.7777
5.3668
4.9423
5.9078
6.3273
5.424
5.1136
5.396
4.8565
5.3786
3.5569
4.3363
3.7577
2.7536
4.5042
3.0166
-0.1209
-0.7591
1.8022
0.5259
-1.2926
0.354
-0.6255
0.2181
-1.8849
-2.3726
1.4786
4.6046
6.7688
8.2461
8.7461
8.2594
10.1271
9.9458
11.812
10.03
2.7348
5.8283
6.2431
5.5597
3.9036
5.5401
6.0233
4.0463
4.9311
3.4363
2.7317
2.9671
4.8799
3.7885
5.0757
4.4465
5.8835
5.045
6.0324
5.7726
2.2691
2.7252
5.6163
6.8352
10.5586
8.6571
9.2701
10.7927
10.8427
12.4495
3.3864
2.5975
3.8253
4.7314
7.7458
6.5957
8.6099
8.6797
9.6841
10.5247
5.887
7.5051
8.0118
12.2226
9.0378
10.5151
14.5468
12.013
13.1675
11.2845
0.2245
2.3524
5.0245
7.016
5.4553
5.8958
5.6225
7.9429
9.0885
5.7947
3.9623
7.6768
10.179
12.0226
12.4742
14.4927
16.7303
16.8487
16.8355
14.7517
3.9082
2.7303
2.1665
1.7448
2.4021
0.7741
1.6772
0.5417
0.0016
0.6506
3.7977
2.6333
3.2989
2.3643
3.2032
1.7545
4.2667
-1.7496
0.645
-1.112
1.9724
1.7696
0.1243
-1.2068
-2.8943
-1.3174
-1.92
-3.3437
-2.5513
-4.5644
2.4485
4.6417
7.1735
4.8288
6.2184
7.4599
7.4623
5.6117
6.1398
8.0764
4.6568
4.5232
1.4803
2.7128
0.9459
-0.229
-0.0096
-0.8901
-0.9516
-0.4924
0.7346
2.6963
1.8756
0.314
2.1401
1.6721
2.1145
1.8404
3.4627
0.5526
3.0969
3.342
5.1743
5.1835
5.603
6.8379
5.7944
7.4522
8.1593
7.085
3.6109
4.2064
4.2463
4.9169
6.4036
6.8934
6.7534
8.2585
9.5677
7.3412
0.4951
2.0774
4.7738
1.8525
4.2322
7.0417
5.2206
4.2125
4.8088
6.4739
4.9305
4.236
3.0993
2.8485
5.9607
4.4859
6.5983
6.9361
4.3602
6.3205
2.3817
2.2725
1.0221
-0.1773
-1.3341
-1.8042
-1.5912
-4.4814
-3.983
-2.4106
5.8849
5.5605
6.2108
6.0232
5.2306
7.2587
9.6416
8.7822
6.4819
8.0458
3.2783
1.3444
3.6449
2.7372
3.727
2.8072
4.6694
4.4259
3.7981
2.5371
-1.0949
2.4085
4.9757
5.928
5.2159
6.9498
6.479
7.7891
9.057
6.6303
1.5315
2.1436
1.9596
2.4897
3.0734
4.9417
3.7464
2.0559
4.2345
3.6493
4.6361
5.4863
3.7729
4.7147
5.3887
5.3527
3.7417
3.6729
5.0111
5.0014
2.9334
2.9273
2.568
1.1361
1.2356
1.1509
2.2904
1.1866
1.4418
0.0525
2.3655
0.3253
-2.161
-2.1668
-2.5276
-2.6329
-5.4732
-2.6592
-5.067
-6.4315
-0.192
2.4097
2.2185
1.8563
2.3223
3.3404
4.0279
2.241
6.0453
2.4738
3.5071
3.1794
2.3164
0.026
1.3882
1.4951
2.9891
1.7365
4.2047
2.4741
3.3147
4.3067
3.7061
5.2894
6.2884
7.2921
5.9501
8.6999
9.7639
8.7574
0.9782
2.2457
-0.2278
0.1862
1.4841
-0.3787
-0.805
-0.6235
-0.0606
-1.9625
-0.8447
0.5997
-1.6852
-2.2569
-1.9784
-2.0294
-3.3294
-3.9647
-3.9245
-4.4042
0.7874
4.585
4.7737
5.3631
5.7727
8.5432
6.4447
7.1756
8.8322
7.4487
5.428
6.4629
6.0035
7.1154
5.799
7.668
8.7993
6.6987
9.1226
8.9991
3.5487
3.9229
3.5186
2.5095
-0.2532
1.3424
0.6818
0.2128
1.4617
-0.3575
2.2552
1.2024
2.7706
4.3027
1.3195
3.6401
1.6252
4.1319
1.8854
3.2046
3.3197
2.1683
3.7821
2.1358
3.8195
4.4121
4.5205
3.817
1.4737
4.4715
1.8542
1.8144
1.9487
4.0475
2.8911
3.5564
3.0936
2.4794
2.67
3.1791
3.3169
2.7656
1.8507
-0.0874
-0.1624
0.462
-0.2731
-0.3666
-1.449
-1.873
2.9729
3.9471
4.6461
5.1022
3.9551
6.8748
6.3951
5.4344
5.4223
6.8712
4.9065
7.6288
7.7732
8.0141
7.8182
8.7504
7.4968
7.2446
9.0275
9.021
4.5463
3.0309
0.8142
-0.0027
0.8719
1.1465
-0.5102
0.7549
-0.7733
-0.3586
5.4828
5.0009
3.7296
3.4845
3.347
2.1131
4.2172
4.6471
2.2637
3.4141
4.455
4.3621
2.5779
2.0654
1.5836
1.099
1.3893
1.8606
0.054
2.3996
3.902
8.979
12.752
15.8135
18.0051
21.1438
23.0681
22.9464
26.7845
25.0578
2.4533
1.2753
0.009
-0.0013
-1.3246
-1.1263
-3.2331
-3.2897
-1.4833
-2.8704
4.1275
2.1473
1.2813
2.6342
3.0421
2.3482
0.7614
4.5643
1.9739
0.6284
4.823
1.792
4.8151
2.091
1.165
0.8863
-0.2191
-0.9033
-2.2466
-0.4334
3.6462
5.5376
5.3875
5.5585
6.754
6.1703
5.8635
5.436
6.0793
5.3747
4.5029
4.5232
6.0627
4.4728
5.0196
5.7768
7.4752
7.7948
7.1062
8.1318
2.194
3.5275
5.5562
8.5631
6.962
7.5214
7.7023
9.51
9.2212
8.419
2.7195
2.1106
1.5115
-1.0899
2.6845
0.8017
2.2844
1.2669
1.312
3.1306
6.3797
7.2726
8.4492
10.0764
11.5118
12.0335
12.7917
11.8462
14.0965
14.7045
0.709
5.1776
3.6989
1.7021
1.2498
4.665
4.6709
1.3576
3.1725
3.1553
4.2616
3.9682
7.0708
9.1815
9.623
12.6976
13.805
13.8416
14.6685
15.1853
2.877
3.4906
3.3206
4.3402
4.266
4.9292
5.4116
3.8081
5.2638
6.0339
3.1736
1.6038
0.457
-1.7444
-4.7851
-4.8661
-3.6435
-5.9885
-6.197
-6.4888
4.8362
4.9199
5.6751
4.6743
5.1287
7.7032
7.0102
7.6215
7.816
6.4995
3.068
5.6571
10.6072
10.8982
11.3637
14.9905
15.4024
15.7525
15.4975
15.8998
3.4188
3.5002
6.5994
6.6465
3.2792
6.0142
5.5495
5.1982
5.5885
5.7916
5.4654
8.5658
8.8836
9.3583
8.2712
9.6155
10.9655
10.0246
11.4792
10.1868
6.906
4.6607
8.0415
10.1342
8.3441
8.3873
8.5876
7.8427
8.4183
10.8917
4.9668
3.7653
3.9076
5.2029
5.0421
3.2537
6.1083
5.0696
4.211
5.5563
1.8442
0.5339
-0.1459
-1.3495
-4.1411
-3.6243
-6.0103
-6.285
-6.9912
-6.6585
2.9061
1.3995
2.6576
1.8248
3.8786
4.8255
2.1217
3.8395
1.179
3.9484
2.9055
1.3256
-0.5185
-0.3483
-1.4751
-2.5341
-1.1269
-0.319
-0.287
-0.8007
4.0133
2.7197
3.6053
3.338
2.0907
3.444
2.9826
1.6296
2.3747
3.6725
2.8272
1.0551
0.9558
1.4846
0.8497
0.4326
-1.0878
-0.8738
0.3235
-1.5335
2.769
0.7645
0.8242
1.0847
-1.4995
-2.1181
-3.4395
-3.0519
-3.7421
-3.9021
1.4055
2.5557
2.941
3.5212
3.6691
5.6798
4.6763
6.0182
3.698
6.4717
4.6087
3.8879
4.302
5.3281
6.2834
3.096
6.2525
5.9485
5.2858
5.3801
1.4273
3.2781
7.0475
7.8745
8.4861
8.7619
9.4283
9.8387
11.8257
11.005
-0.071
0.9193
3.0088
3.039
2.2982
3.3068
3.4449
3.6995
3.4009
4.3395
-0.2534
2.9958
5.0597
4.2058
3.741
5.4847
4.5513
5.9703
6.3679
6.5552
6.3739
5.0139
5.0932
6.6048
3.2399
4.0367
2.1673
2.4874
3.0997
1.9187
0.8145
6.9923
7.3417
8.1453
8.5712
10.6736
12.4261
14.9878
12.0205
14.6177
4.0175
6.4262
4.9383
5.9492
6.4848
5.5616
4.5727
5.1473
6.5778
5.9886
4.1965
4.5083
3.6526
4.6489
4.2
5.9644
4.9766
4.1023
3.4345
2.5602
3.0966
3.7992
2.7148
4.2588
5.9342
5.0188
8.0029
6.7272
4.5391
8.4697
4.0125
6.2944
6.6536
8.8977
7.0682
9.4765
9.538
12.1368
9.9003
10.5934
1.3781
2.4947
3.2768
6.023
6.816
6.2127
7.3295
8.2083
9.999
8.0506
3.2541
3.7659
4.46
4.2964
5.1097
4.9087
2.9215
3.7886
4.4377
5.0327
5.8578
5.0571
5.0973
8.4471
6.9796
8.9795
8.6365
7.6957
9.9471
9.799
1.7579
3.3579
2.0585
2.562
1.8441
1.4237
1.2609
1.9425
1.2106
0.781
-0.6004
3.1502
3.3526
5.0917
6.3583
5.8653
8.4445
6.7874
7.7395
7.342
2.3426
2.6965
-1.7971
-3.5923
-2.4644
-3.0893
-5.7578
-5.9353
-5.6849
-6.6427
1.6083
2.2195
5.0023
5.8137
8.3339
8.4183
7.0602
9.6762
9.7277
10.5059
4.2256
4.3156
3.027
1.9102
4.9833
4.9788
2.45
4.7831
4.2663
5.0877
4.2521
5.7704
3.6473
4.6986
7.6326
7.4426
8.0846
7.9108
8.0302
6.0266
7.3675
9.1726
7.7989
7.5621
4.4551
5.5534
4.1298
4.7682
5.7765
4.4706
1.4684
4.2888
2.5176
3.2553
3.6497
4.3042
3.8808
3.8558
2.9467
3.6626
4.2694
2.9137
2.6184
4.4503
2.4763
4.2284
3.3001
4.6757
6.3523
4.5344
5.0783
4.4616
4.7165
3.4237
1.806
3.9102
3.697
3.4151
3.6356
2.764
5.4905
3.3493
4.9801
5.5226
5.9315
6.1668
7.9049
7.364
6.8362
5.6309
4.2968
5.7863
6.7881
5.8587
6.4652
9.4153
8.9048
10.5447
9.8472
9.7021
1.1348
4.9225
2.8285
3.6653
4.6606
5.5847
5.0721
4.6138
6.296
4.1091
5.5371
5.824
6.21
5.9983
4.5928
4.3554
3.2347
2.893
3.8665
4.9777
4.3645
4.1003
2.8772
3.6477
3.2667
2.4791
1.1172
2.1516
1.672
1.3358
4.6251
6.3542
7.3915
7.2694
8.322
8.2668
7.5056
9.4872
9.165
6.4395
3.1855
-0.6333
-0.4377
-1.8136
-2.4545
-3.3148
-2.7628
-4.4028
-4.9149
-6.6425
1.0743
3.0954
3.5803
7.2481
7.8001
7.5676
8.9035
8.2639
8.3198
9.8836
-0.1772
3.3264
6.43
8.8251
8.1356
12.2384
10.6159
12.2922
13.7191
15.4966
2.8382
6.2291
4.5535
7.2955
5.5707
5.6139
7.4444
7.8316
7.0978
6.5069
4.9298
4.141
3.9352
3.2215
4.2464
1.5556
3.4826
4.9843
3.3926
2.5789
2.0321
3.7626
2.9996
4.0115
6.0155
6.6899
6.3823
7.53
8.0497
6.3381
3.5284
3.3346
4.5148
4.4358
3.7279
3.1469
5.6127
5.003
3.9891
3.8219
1.3413
1.0382
2.8189
4.3739
3.2711
3.2953
3.561
4.8623
3.5654
4.5272
4.8851
7.3999
5.333
5.6864
4.7967
4.7413
6.0625
5.7807
6.1249
4.9559
3.3346
5.0968
2.4764
1.9077
2.3017
1.8549
2.1401
1.3198
0.5711
2.1172
6.4796
5.9368
5.087
5.0406
5.2556
7.0735
5.4231
6.296
6.6554
5.782
2.6345
1.5027
5.9103
8.4452
9.6751
10.1644
9.6001
11.7802
12.7503
11.3774
3.4242
5.185
5.7715
6.7944
7.457
6.0015
6.0924
6.2155
5.736
6.5003
1.3263
-0.7798
-2.0483
-5.4137
-5.68
-6.4748
-7.8481
-9.2707
-9.3869
-9.7853
2.4454
1.7692
-1.2341
-3.0868
-4.6407
-4.1683
-7.5082
-8.5746
-6.4946
-6.3671
4.7683
2.0779
2.5398
5.2311
2.1214
3.7053
0.7986
2.3574
3.7307
2.6449
1.9762
2.126
2.0887
2.7696
2.7275
2.687
2.4495
2.1954
3.9913
1.9917
1.8345
1.3911
3.8868
5.2213
5.9204
7.2311
6.9442
6.2804
6.1077
6.4414
4.5739
8.0852
8.6238
11.153
12.9926
15.0305
13.9497
15.9642
16.1463
16.0694
4.1684
2.7742
3.1889
1.844
1.2702
0.735
0.6636
0.3491
0.2954
2.4067
2.8666
4.368
6.7667
8.6674
11.5024
10.7816
13.3236
13.9752
12.8738
14.2879
5.1941
3.0981
1.4525
1.6519
0.7471
-1.0685
-1.1256
-0.215
-0.8194
-0.5372
5.2742
2.5065
3.7867
3.5222
2.7542
3.8848
4.2392
0.98
3.1003
1.0987
2.959
4.4562
3.2788
3.3075
2.3518
2.9151
2.8564
2.2134
3.9262
3.1555
2.3603
5.6202
4.4561
6.6135
4.4384
5.7788
6.9522
5.8255
7.2075
6.03
2.8311
-1.5245
-1.1553
-3.3841
-3.8839
-1.9076
-4.414
-4.8136
-6.5426
-5.3721
1.9037
1.6288
-0.2535
0.7125
-2.0383
-2.1451
-0.5764
-2.1811
-4.1274
-3.5501
3.6522
1.9505
1.9147
2.3728
2.2621
4.3877
2.0539
2.7229
3.5924
4.1186
0.8606
1.0497
3.1494
2.5259
4.1506
3.9094
5.3884
6.2274
6.2257
7.6526
1.6836
1.1861
2.8192
0.9636
2.6429
2.3308
0.2487
1.7909
1.6657
1.481
0.7016
2.9588
3.4057
5.0915
5.0443
7.5144
5.8635
8.3249
7.1944
8.3957
1.7714
3.3401
4.2555
2.9074
5.148
4.3548
4.3027
5.7934
4.3454
4.2262
5.5832
1.9443
1.0576
2.9328
0.942
1.4621
0.7
1.5305
-1.0092
-0.3655
4.7976
2.4888
3.8811
2.4754
1.4
3.6868
2.167
2.0052
1.8695
0.3493
6.1792
1.3441
1.5305
1.2355
-0.5453
0.5854
-0.7469
-0.105
0.7199
-0.8029
3.7295
2.0936
2.5948
1.0258
2.2363
1.2673
2.0417
0.8188
0.9582
1.0312
2.5938
3.8145
6.5228
8.8454
13.0844
14.2861
14.12
15.5533
16.2339
17.9922
2.4325
2.6673
3.7296
4.1526
5.1994
3.7303
5.1798
4.9386
4.628
4.3762
-0.1874
2.3723
1.9904
4.2823
3.7834
5.8717
6.8861
6.2859
5.5931
6.6716
2.1609
2.5469
-0.7982
-0.2801
0.0122
-0.7196
-0.0581
-1.0231
-1.5667
-2.1262
2.9456
4.1923
5.9119
6.1067
5.6316
6.5463
5.3483
6.3517
7.7183
7.3533
4.6435
5.4061
4.9108
6.8663
7.9642
8.0245
9.6796
10.9784
8.54
7.1745
1.5404
0.55
1.8771
4.333
3.5088
4.6431
2.6464
1.3712
3.7053
5.7733
3.3935
0.8066
-1.7835
-3.1473
-1.0659
-4.4747
-7.2867
-8.1216
-7.1846
-6.1367
2.167
3.4094
-0.316
-0.7976
-1.2769
0.5238
-2.6611
-2.8224
-3.0978
-2.1077
0.371
2.8139
4.0257
4.3154
6.0776
6.9407
7.1184
6.4355
6.6153
7.8461
1.4948
2.64
3.8976
2.9339
7.0056
6.3091
5.9027
5.8603
6.6248
5.8296
2.6946
5
7.7567
7.0051
8.9846
11.6229
11.9477
13.6843
12.7353
13.8986
4.4841
3.7571
3.8219
3.3868
4.5883
4.8617
2.7805
3.4842
1.6534
4.425
2.4636
3.5788
3.5135
5.3344
4.1538
4.3764
6.8568
5.6479
4.1677
6.2261
3.0047
4.821
5.9409
5.949
7.0468
5.0973
8.7102
7.7663
7.3938
7.6644
2.6113
4.5619
6.3336
6.5898
7.5372
8.358
10.4093
11.8845
12.4214
12.0774
1.5865
3.9499
4.5586
4.1699
6.6693
6.9479
7.3244
8.6486
8.0585
8.5042
2.1707
2.7454
1.1449
0.7243
0.9224
-0.4442
-1.5693
-1.3577
2.1709
0.5508
-0.3252
3.844
4.7711
8.0834
10.6933
13.5817
12.9978
12.6118
16.3707
16.558
3.8365
3.5884
3.8701
5.8233
7.5892
9.7643
9.6416
8.098
8.2745
9.7955
3.8858
4.8326
4.1328
3.9045
4.7773
3.1441
4.374
4.7424
6.6563
5.2148
5.9744
8.2526
9.1811
10.5582
10.0498
11.0804
10.9694
10.4977
12.2757
12.9553
3.9195
4.3355
3.7171
3.5398
4.0311
5.2639
4.7818
5.0349
6.3191
2.7815
1.2655
3.5056
2.6337
2.8853
2.6501
2.2549
1.4373
2.8319
2.2498
2.8949
1.1735
-0.7654
-0.1306
-0.0411
0.3801
-0.651
-2.0096
-0.3019
-0.0205
1.703
3.7701
2.2876
1.4306
0.8872
-0.3681
0.4682
-0.4155
-1.8595
-1.5422
-1.9658
1.7993
3.0648
0.3837
-1.3159
-0.1404
-2.6003
-2.7904
-2.064
-3.373
-4.8803
3.708
2.3658
3.3671
0.4676
1.0098
0.4742
-0.7228
-0.9243
-0.4463
-1.2066
2.4015
4.3567
5.7876
5.0578
6.2596
7.2891
7.644
7.7392
7.9564
8.5694
2.4755
4.8277
3.8081
5.8074
5.9611
7.0469
7.8159
6.9816
6.8994
7.9423
4.0996
4.9943
4.3853
5.906
8.3733
8.711
6.1425
7.0948
5.432
7.3792
2.048
2.8728
2.0981
1.5129
4.2552
3.0576
2.1398
1.5497
2.289
2.5532
2.197
4.9287
5.946
8.1724
8.5357
8.2366
9.4634
12.8217
12.7005
12.4579
5.9675
2.8184
1.8637
4.3087
-0.6834
0.5453
-1.332
-0.1948
-1.8277
-1.1304
6.5363
7.426
6.0777
8.9553
10.7188
12.0334
13.2843
13.2828
13.3851
15.4733
2.0637
4.4689
2.2892
4.7587
3.1261
3.7973
3.2828
4.8496
6.064
5.1899
2.0643
4.3206
5.8163
5.9589
6.9414
7.2863
6.5256
7.104
8.1097
7.7277
2.4845
3.9398
2.5085
3.9344
3.9109
2.5827
2.5916
2.4908
3.1947
4.0302
3.934
6.1009
7.6124
10.5101
10.0364
10.7082
12.6868
13.0755
11.8882
11.123
4.9232
2.1753
2.7405
0.985
1.4935
-0.4775
1.664
-0.1726
-0.6987
-1.9699
5.3958
4.7691
3.8217
6.3905
5.4155
7.6878
3.6795
6.2785
4.4645
5.4261
2.4024
0.7348
2.8773
3.2652
3.1261
3.7366
3.9765
2.6566
3.1613
3.8392
3.9192
4.0077
4.0223
2.0361
2.6443
4.674
3.6795
4.6649
5.3128
3.7893
1.7074
2.0526
-0.6301
-1.8557
-4.4604
-2.5736
-5.5592
-5.3987
-5.7409
-7.3142
4.5152
3.6253
4.3237
5.7077
4.5096
7.1136
5.639
6.7802
7.4054
8.142
-1.0698
0.6109
-0.2375
-1.751
-1.5119
-1.9106
-2.4134
-2.6077
-2.8634
-3.8894
-0.7803
-2.8062
-4.2724
-3.6601
-1.4613
-1.8633
-0.8991
-2.7934
-4.7682
-3.6253
2.042
6.551
5.3991
6.9203
7.5488
9.9589
10.6132
10.7497
11.3547
10.6821
3.7836
5.3278
3.6824
2.3917
3.1138
4.4378
4.3768
1.7176
3.044
3.5777
-0.0186
1.2172
0.8683
-1.1814
0.1757
-1.7121
-1.5037
-1.4492
-3.5844
-2.9681
3.4464
3.453
5.3331
1.4345
2.6484
4.0902
2.5877
4.5443
2.8221
5.2132
-0.7706
-0.44
2.2319
4.3101
3.259
6.1488
3.3311
6.7821
6.8664
7.4211
4.3691
3.8799
6.4536
7.3951
7.8026
6.7535
7.8772
8.9579
6.8241
8.5141
0.1785
3.7625
1.6273
2.1052
3.3038
4.8452
4.3837
4.6122
4.3227
5.4221
3.4
2.4906
6.3222
6.5405
5.289
3.5712
6.7927
8.3649
5.4091
8.4828
2.3157
3.796
5.8892
5.6142
6.8736
5.5247
5.5633
6.4752
6.672
6.8085
1.7672
0.0988
3.214
4.5867
6.3031
7.6569
6.9858
7.2173
7.5175
8.1797
3.9622
5.3441
5.6811
8.669
5.2958
6.6824
5.0787
5.9415
7.6252
6.3764
3.96
4.7018
3.3843
2.6591
3.0109
2.3119
2.9918
1.1551
2.474
3.1189
4.2043
6.8932
9.3497
9.4518
12.2118
12.2225
9.5991
12.513
12.352
14.1402
1.4148
3.3942
3.8244
1.4278
2.3727
4.7702
4.2372
2.884
2.5493
1.8781
2.6104
4.3548
5.4577
5.7997
9.342
7.9647
8.5084
9.3675
9.966
9.1003
5.9125
5.7951
6.0015
7.3512
11.7334
10.6388
10.1477
10.2022
10.2924
11.0611
-0.1879
3.9849
4.3581
3.4959
3.7939
6.6387
5.5682
7.3703
6.797
7.3878
3.7028
2.5675
1.3654
0.018
-0.4092
3.2159
-0.5132
1.3872
0.1659
-0.365
4.4564
6.1134
7.9028
10.3495
11.6845
11.634
11.8823
13.4926
15.1048
12.8204
4.3735
2.5798
4.2831
5.0936
4.068
5.6939
4.8383
3.572
4.7807
5.8102
6.4063
7.781
8.8034
10.2651
9.566
9.2334
12.4268
12.0225
9.6089
11.1385
3.4616
2.7684
-0.116
-0.7012
-0.4078
-1.1607
-3.2512
-2.8875
-2.0069
-3.5893
3.103
5.1773
3.9131
5.1445
4.8439
5.1621
5.5787
5.97
6.2172
5.5193
2.3448
3.166
2.6064
1.9958
2.4856
2.7179
1.8182
1.2787
2.316
1.6393
5.1546
4.1461
4.2943
6.9143
5.8752
4.1136
3.8134
5.0977
4.6319
4.9597
1.8045
2.0464
2.4281
2.7692
3.1346
2.2786
2.8207
4.7004
3.9504
3.0693
1.0606
1.9136
0.1007
0.3925
0.3876
3.6824
0.471
-0.0779
2.3169
0.8815
3.3917
1.1521
-0.7375
-2.4006
-3.6965
-4.4038
-5.0156
-3.8908
-2.652
-4.242
4.6783
2.9191
2.3002
-0.043
0.8176
0.5588
-0.3316
0.0951
-1.5677
-1.4678
2.2768
5.8341
5.549
9.4064
8.9552
13.9981
13.1237
12.3492
12.9413
13.7332
4.1107
3.0376
3.1059
4.4653
6.1096
2.4476
3.5652
2.8799
4.9433
4.945
4.1895
4.6171
7.4359
8.2233
10.1237
10.4784
11.6556
10.443
13.3472
12.4732
2.5244
1.7922
2.7138
1.4619
0.3993
0.6171
-0.8368
0.7043
1.1125
2.1454
1.2763
5.4096
7.6522
7.0514
11.107
10.5455
12.7171
14.0804
12.6665
14.377
6.9988
7.8782
7.6043
8.9279
9.2494
9.8701
10.5025
10.7148
12.2538
9.8854
0.2938
0.0748
-0.579
0.739
1.7821
2.4817
1.3099
1.1569
2.6287
3.573
3.8708
4.8987
5.7076
5.84
6.6005
9.5615
9.0346
5.1355
6.9348
9.2102
4.434
1.5355
0.983
-1.3243
-3.7248
-2.3129
-3.4812
-4.8978
-3.9811
-6.7408
5.072
5.1084
3.557
6.2655
6.7566
7.5276
8.9518
9.1599
7.8364
10.0825
0.2613
0.0379
0.1157
-1.9819
1.1632
-1.2994
-0.492
-1.9396
-1.7518
0.8451
3.4147
4.33
3.6735
3.7694
1.5084
5.288
4.1645
3.1762
4.7689
4.0407
1.6066
4.3585
2.6462
3.8517
6.4366
6.4202
6.5238
6.4904
6.4374
6.201
2.3458
0.3262
3.6684
3.0306
4.6365
4.0759
4.0393
5.8551
4.8694
5.8627
-1.0538
3.8155
4.3438
5.8643
7.9774
9.3676
9.6142
9.5912
10.3514
12.5142
3.2765
4.3589
3.3208
2.649
2.5354
5.7527
3.9321
2.5964
1.2528
3.8203
2.7399
3.1651
5.2161
8.6199
8.3782
10.6296
10.5266
12.7633
10.4695
14.544
3.9374
3.4775
4.5067
4.821
4.6273
4.6847
5.849
5.8812
4.8208
7.6737
3.1602
1.7202
3.0191
2.3642
0.874
0.9983
2.6556
1.7353
2.2024
1.9865
4.7943
5.7636
7.2231
9.3014
9.5605
11.6759
10.5641
11.3149
11.3891
14.1623
2.2981
-0.1116
-3.3631
-1.4937
-4.1421
-3.0531
-2.7053
-3.78
-3.6773
-4.1028
4.9308
0.3447
-1.943
-2.7835
-5.2903
-6.0182
-9.2173
-8.0063
-8.9387
-7.5999
2.7035
3.8195
3.0945
5.8261
5.3387
5.2443
4.5484
4.9034
6.713
7.2082
1.7514
0.0162
3.1424
3.2839
4.5945
4.2207
2.2361
3.2732
3.6064
3.2695
3.169
1.4608
3.979
4.1382
4.5792
6.1317
3.9889
4.5176
6.5267
6.4265
5.8136
8.5702
8.5308
10.0594
11.7818
11.1761
12.1025
12.398
15.1489
13.4694
2.3722
1.2683
2.8744
3.6888
2.9437
5.8141
6.1956
5.7784
4.5713
4.3969
5.2426
3.8145
-0.5927
0.2961
-1.3725
-1.7409
-1.9021
-2.7128
-3.2114
-3.9732
3.191
2.8539
-3.5925
-3.21
-3.8867
-7.6983
-6.8286
-8.5327
-9.0326
-9.8537
4.8553
0.7674
0.0886
0.1284
-4.4147
-3.1884
-4.053
-5.1603
-4.3958
-5.6288
5.782
4.2378
6.3109
9.3204
8.5259
9.4566
9.2761
8.4891
9.8772
10.2416
1.8905
6.4745
10.4417
11.0301
12.1706
13.8395
14.5691
15.8372
17.5994
18.759
4.6299
6.977
6.8319
8.7957
9.7337
8.5028
11.2049
11.0295
11.9632
11.1798
2.9941
3.5288
3.4853
2.9413
4.4323
4.2837
5.4947
4.7626
6.7655
4.9939
2.6258
4.1188
2.9733
5.1324
4.1746
4.589
3.7245
6.2295
5.6425
4.9937
4.092
1.6471
3.9506
4.2245
3.1762
2.628
2.9471
1.6729
2.6428
4.6151
3.93
2.4363
3.0411
1.0246
1.1933
0.2266
-1.064
-1.7127
-1.8229
-1.1038
3.053
5.7565
7.2704
7.3663
9.7443
9.9237
11.7947
11.1631
12.1475
11.5832
1.1689
2.3589
4.3378
3.4425
5.0252
6.8817
6.0063
7.1063
8.1243
8.2307
2.8629
2.6276
1.6985
-0.9765
-0.7299
-1.3742
-1.4361
-1.1722
-1.1118
-1.006
5.3846
3.7239
5.1128
4.9322
6.0439
5.9473
3.7442
4.7896
4.8686
4.4889
1.8536
-0.4122
0.1526
-1.6465
-1.2834
-1.0223
-0.8656
0.5187
-2.2128
-1.6806
1.4909
0.0609
1.3026
0.6531
-0.5414
-0.7676
0.4249
-2.598
-0.5325
-1.6866
0.9195
3.7864
6.4077
5.9081
8.2246
7.7994
9.0739
8.7513
10.2074
10.1745
3.2516
-0.481
0.7359
-1.3002
-0.7101
-1.7186
-3.5729
-1.0877
-2.7232
-3.9635
3.2154
5.4137
7.1829
8.2148
10.0445
11.9663
10.885
11.5551
12.4959
13.2519
4.1582
-0.5944
-0.825
-3.3848
-5.7321
-4.7555
-7.2314
-9.7588
-9.4337
-9.7634
0.7513
4.2738
4.9692
6.6049
6.9774
7.8813
8.425
7.1485
9.4691
8.143
3.354
1.3692
-0.2241
1.7231
1.5295
2.1196
0.0339
-0.7286
0.5336
0.3505
3.1366
5.3366
3.3827
5.0356
5.2446
5.887
5.1919
4.2002
4.0165
6.2684
5.4181
4.1084
3.4889
3.4112
2.4774
3.9656
1.8505
3.8556
3.0022
3.4401
2.6115
1.2994
-2.7674
-4.8453
-5.3319
-7.5714
-9.7751
-9.5587
-12.8728
-10.0149
5.1407
4.6976
8.3175
8.1775
7.5717
8.6755
8.7262
7.0918
8.5419
7.7671
2.7224
1.7618
3.5271
4.6259
5.274
5.1733
6.9548
6.445
7.5443
5.9616
3.2629
5.2543
4.4215
4.3862
6.6736
5.392
6.0982
6.957
8.7442
7.9591
5.1819
3.1161
2.1614
1.6624
1.3619
1.8261
0.2459
1.3268
1.4856
0.5157
-0.2015
1.1959
1.4138
2.8116
3.2364
4.6915
5.2129
6.0844
5.7492
5.6278
3.4317
3.9595
4.5569
5.6331
6.7064
8.8281
9.5131
7.3629
8.4967
8.8877
2.7587
-0.5129
-1.3959
-3.2918
-3.5878
-5.1069
-5.9699
-4.9392
-5.0007
-6.7554
1.6537
1.6313
2.3488
2.9013
4.8903
2.1921
4.3145
5.5471
3.7476
4.5536
2.1076
3.2043
5.8737
4.2396
6.6741
5.8835
6.9094
7.1313
7.0366
6.5765
2.7143
3.5509
1.2681
3.8188
3.9661
2.523
2.6481
1.0568
1.9635
3.1909
4.5452
4.0198
4.2562
4.5989
4.8114
3.7129
3.1134
3.7971
5.4093
5.5408
1.9363
-1.1819
2.0282
-0.1726
-0.002
1.1875
0.0717
-0.0543
-0.7261
0.2052
0.7725
1.7193
-0.1744
-0.9051
0.1734
-1.9233
-4.2304
-1.914
-2.3603
-4.4417
-0.5008
2.0626
2.9531
1.137
0.2746
2.3632
1.1932
1.9822
3.6994
3.2171
2.408
3.4776
4.4688
3.8392
1.8752
1.6137
1.8944
3.4853
1.6855
2.5704
3.0434
4.1637
3.7776
4.3454
5.1716
5.2869
5.5146
6.912
5.7476
6.2163
3.3902
8.2138
9.1377
8.504
11.4409
12.2938
12.2772
11.7011
14.4582
12.5055
4.8209
3.7316
5.218
6.2975
4.9274
5.5502
6.071
6.3017
6.8926
5.2037
6.5151
2.5249
2.8656
1.7082
-1.181
0.1436
-1.8093
-2.6171
-2.1793
-3.6148
2.7171
6.3669
5.937
8.2699
8.5339
5.2601
10.033
8.7412
8.1319
10.9097
3.8233
0.2119
-1.6723
-4.8513
-4.883
-6.305
-5.5648
-6.2679
-9.494
-8.6771
1.9945
6.1073
5.1441
6.3269
7.8236
7.3325
7.709
7.9409
8.8791
10.5099
4.1784
1.3765
4.2836
1.2977
2.5859
3.6855
1.3708
4.3666
1.7759
2.9837
2.5233
3.9488
5.7527
8.0484
6.1051
9.9532
8.0231
9.4139
11.9361
11.4504
4.767
2.8981
1.2993
2.1463
3.3717
2.8311
1.2366
3.9296
1.0078
2.4476
4.0031
-0.0496
1.8258
-0.8716
-0.6492
-1.564
-2.5315
-2.1442
-2.5343
-2.7597
1.1908
1.9942
4.9984
5.6878
4.582
6.8209
5.5016
5.9265
6.1005
8.017
3.2719
3.4786
5.4963
7.2116
7.2444
10.2947
8.3197
9.6022
9.4512
9.4934
4.7864
8.1923
8.1757
7.8312
8.278
11.0747
11.4401
9.5621
11.9192
10.3971
5.8219
8.017
8.4003
10.9245
12.8893
10.2979
10.9326
12.5671
10.7699
13.8369
2.1712
3.2068
6.8711
6.8507
7.5845
7.7048
8.1609
7.6724
8.9536
7.6937
4.4351
3.195
6.4119
7.127
6.7312
7.8727
7.0114
7.9045
9.8117
7.6679
5.5135
6.0101
5.1871
3.8873
4.4401
5.0101
3.5248
4.2304
4.2771
4.9952
1.9256
2.9616
4.9583
5.7777
5.529
7.6571
9.6086
9.1389
8.8693
8.7553
4.5012
2.6122
0.7208
2.502
0.2589
0.4945
-1.1683
-0.6803
0.5549
-0.563
1.113
3.2852
5.59
8.7672
8.4125
10.0506
8.4036
10.7961
10.3236
9.2987
3.4242
5.5291
7.3229
10.0183
13.3174
12.1845
12.3083
15.4615
15.447
17.0388
4.4547
3.1664
4.7774
3.4124
3.5731
4.7473
6.3908
6.1804
5.782
5.0054
1.9737
4.4202
6.9265
9.6169
10.2612
12.2247
13.1208
12.9939
13.5427
14.2895
-0.5137
1.9428
2.4586
3.2131
1.9864
1.8595
4.8649
4.3711
4.4533
4.6711
2.9529
2.4391
0.2693
1.9072
1.589
-0.3134
0.5212
-2.5081
0.8885
-1.0614
-0.4774
5.2411
6.6436
9.3785
8.5356
9.0455
13.4495
13.2896
14.798
13.3365
5.4075
2.3202
5.0326
5.3953
5.9201
7.6913
8.3111
7.9438
9.735
6.9092
0.9948
3.1662
4.5435
7.2555
8.9135
11.7243
12.0333
10.432
13.3817
11.5482
2.6809
1.0961
3.3702
3.5091
5.2909
3.026
0.8528
0.7945
2.8375
1.879
3.1391
5.2797
4.9563
7.9836
8.0393
8.7499
9.1275
9.4762
9.258
9.3836
1.5078
5.1166
4.3927
4.7069
4.7288
3.5227
4.8799
4.4696
4.777
6.1283
2.6965
0.8057
-1.8096
-1.7043
-1.5401
-2.7349
-1.2558
-2.7326
-4.565
-1.8641
0.7521
0.6262
-0.1198
-1.2376
-1.1011
-2.2785
-1.2319
-2.5037
-3.8665
-3.3578
1.0916
1.258
1.6287
1.9117
0.818
2.1177
-0.0177
3.0173
0.8654
2.3535
3.6027
2.9323
3.1652
2.2627
3.4829
5.812
2.2943
4.1655
4.2722
4.1276
1.1332
6.2216
4.6037
6.8149
5.031
5.3637
7.1876
7.8748
7.0594
7.2051
1.4832
3.8895
5.9105
7.8505
5.8002
8.5231
11.1135
12.0069
10.3299
9.0768
4.2234
3.8462
5.9467
6.8181
6.8188
8.88
6.7466
8.2419
8.2829
8.9085
1.1106
0.0735
-0.5512
3.3672
-0.0951
1.4919
1.4878
2.8308
3.0234
1.7294
8.1144
8.2447
8.8172
9.7874
11.3884
9.3131
7.7491
8.9249
9.782
8.2794
3.4925
6.3223
9.3131
11.6751
11.8022
13.8213
15.2094
16.1522
14.9595
16.07
3.993
4.3226
3.8981
3.7668
2.1637
4.772
3.2582
4.5312
5.004
4.4887
4.4225
4.1107
1.1873
3.3772
2.2669
2.7626
2.0549
3.3445
2.6449
1.6829
6.4151
4.7488
4.281
2.5299
2.7525
2.624
1.9373
0.2873
0.045
0.8563
2.3651
1.1223
-0.4908
0.8296
-0.689
-1.8267
-2.0447
-2.6331
-3.9281
-4.3274
3.6705
6.5885
8.3684
9.0283
11.4532
10.4134
11.8268
13.0477
16.2514
15.5426
0.8319
1.883
1.913
1.1225
1.6996
-1.3693
-2.525
-0.455
-1.5866
-0.5828
0.8967
3.4451
3.3643
8.6197
8.8829
7.6476
11.2111
10.4537
13.2234
9.6689
3.4119
6.4037
9.1897
8.9658
10.4827
10.3297
11.58
11.4704
12.8441
11.3147
3.87
4.87
4.6922
8.128
6.8834
9.9899
11.0227
12.089
7.7757
12.3565
0.3321
3.0622
4.5693
4.8384
7.2559
6.15
4.988
7.0384
8.0745
8.9727
5.1787
8.5312
8.6867
8.7416
8.5922
9.2439
10.5979
12.4024
10.969
9.1275
-0.1756
4.001
2.7851
2.4041
1.6168
2.9481
3.7347
4.084
3.0143
3.6212
3.7817
4.0614
3.0178
3.8898
4.4087
4.6158
4.8364
5.4321
6.0966
6.7094
2.4065
2.7756
2.7844
2.3517
1.4839
-1.0735
-1.4907
-0.8906
1.7489
0.0414
3.9578
4.9338
6.8525
7.6366
7.7489
7.2998
8.6407
9.3385
9.6732
11.8123
2.8741
3.4214
3.6212
3.747
7.1934
6.2181
4.0298
5.6169
6.6691
6.4808
4.6159
1.8548
3.2041
0.7831
0.7809
0.3999
0.6791
0.0433
0.3412
-3.0631
3.3371
4.259
3.8689
6.3656
4.2319
3.0913
2.9122
2.9492
4.6468
6.1445
7.1091
7.2593
4.9497
5.5103
6.0265
6.148
5.0177
7.136
6.7126
6.9706
3.1676
5.3068
6.285
6.8218
8.3056
7.2503
7.9052
7.3889
9.255
9.0138
4.8244
5.8957
6.8829
5.7756
6.4162
7.4932
6.583
8.5283
7.9437
8.7251
3.7213
2.8074
5.1188
3.1019
4.4614
5.0626
3.8617
2.757
1.0246
2.6433
1.8878
2.0935
1.7604
2.2217
2.9419
3.1691
4.4423
3.5359
4.8237
5.2358
3.2432
4.0324
3.2372
2.6008
4.101
1.6965
1.4992
1.5981
2.3678
0.7474
2.2608
2.3175
6.6353
6.8599
6.8389
8.4913
7.1136
7.7281
10.1725
9.2335
1.467
-0.1923
-1.4257
-2.3003
-4.6492
-3.309
-5.4505
-4.6549
-6.6409
-7.322
3.7952
3.9043
5.2141
5.617
6.2607
7.5915
8.0954
8.8079
9.703
8.2438
3.0226
3.4751
5.0959
4.3256
3.4905
5.7605
5.7807
4.3613
6.6135
6.9659
1.4701
3.7956
2.556
3.7519
3.3396
4.8478
3.3467
3.0963
4.7452
3.322
3.2922
3.7308
0.4813
-2.6656
-1.8312
-6.1561
-6.5619
-2.8499
-5.4819
-7.132
0.4204
2.478
3.5551
5.1091
6.1444
5.426
7.6309
6.2242
6.3931
7.1121
2.788
1.9909
5.017
4.3392
5.3613
5.7419
3.8807
7.444
5.778
5.1305
1.4356
4.1313
5.6295
6.516
8.4071
10.0755
9.5332
9.6293
8.8831
10.2973
0.082
3.1471
6.0866
7.6389
8.0586
8.4053
8.5668
10.4869
10.1332
10.5998
4.1001
3.1722
2.5506
1.8633
0.6237
3.5285
2.5495
1.4462
1.0093
1.0417
0.5362
3.9783
2.5082
2.5606
3.4135
4.5782
3.6634
4.4036
4.717
4.6183
3.366
4.6358
1.7606
4.9609
3.9914
3.1454
4.2728
4.304
6.0079
3.5852
2.5449
3.0024
4.1999
6.7084
6.5982
5.7015
4.5463
5.8359
7.654
9.8756
2.2028
3.2441
3.4458
2.5695
1.7298
-0.1858
3.3728
1.0244
3.0408
1.2028
4.9655
2.596
-0.1451
-2.4504
-3.7275
-4.0372
-4.9035
-5.4795
-5.0693
-5.0687
3.1891
5.2525
5.0966
4.8625
7.0993
8.527
6.3751
5.863
6.2897
7.5298
3.9346
2.9444
4.9305
2.3739
3.8127
4.4063
3.2219
2.517
3.9432
2.9957
1.8501
3.5071
4.973
5.0222
4.8801
6.024
6.2607
4.7368
4.7149
6.0167
0.7114
2.9799
2.7381
3.4485
3.1068
4.1097
1.3829
3.7578
4.5762
4.5857
3.1732
5.0301
4.0685
7.2242
5.2957
6.1734
5.54
6.0944
5.1516
5.4776
5.4759
4.1242
1.8133
3.1035
4.8831
4.5047
3.6104
3.2023
4.234
4.0075
1.7094
1.7366
-0.2428
-1.1782
-1.8671
-1.3591
-2.1494
-3.0202
-2.3649
-3.749
5.16
2.9145
1.6275
1.1844
1.5238
1.2266
-0.1102
0.3194
1.2351
0.1971
2.6594
2.0144
2.9941
4.7875
4.6826
4.2391
4.343
3.2744
6.4277
4.2577
6.3661
8.1972
11.2937
9.846
11.3477
12.2931
15.0051
14.8952
15.6078
16.4837
2.1039
2.9031
4.0047
2.1071
2.8164
1.3666
3.3092
1.5377
2.022
2.8299
2.1885
0.8606
-1.9688
-3.816
-4.3817
-7.7758
-8.1855
-8.2352
-9.6911
-10.9214
-0.6279
3.5928
3.6469
3.2633
3.3099
3.4903
6.5113
5.5592
6.2871
6.6171
2.6728
1.9702
4.8053
4.9331
4.4049
4.2542
5.9492
5.7487
3.6332
6.5099
1.2412
2.509
3.0661
1.14
0.5855
-1.0971
-1.0292
-2.1921
-1.0768
-0.1351
0.4001
3.0708
0.4444
-0.5195
-0.4007
-0.2785
-1.3562
0.7738
-1.7829
-1.6461
0.8033
3.2987
3.5313
6.5626
6.9406
7.4152
7.2439
8.5025
7.958
6.626
3.9474
1.3368
0.418
2.9265
0.8419
-0.1537
-0.3182
-2.2868
-0.9039
-2.3342
2.4656
4.1366
7.0474
6.7009
10.8737
8.8863
9.0843
9.8321
9.5487
10.303
1.2846
2.4223
3.4298
2.5855
3.6729
2.4869
3.7825
2.4094
2.3111
1.8994
2.6753
1.9274
-1.0025
1.091
-0.3048
-0.8213
0.0044
-3.5189
-1.9554
-1.8767
3.4827
3.2651
3.8455
3.4553
3.1965
3.1558
3.6811
3.5872
3.3687
4.2931
2.4966
1.7767
0.3013
1.3555
-1.1852
-0.6499
-1.3412
-1.2397
-0.5768
-1.1405
1.1018
1.9113
1.6695
2.6737
2.3161
1.7773
3.3361
2.5529
2.1043
3.502
3.1368
3.687
4.6636
7.0558
7.2748
7.784
9.43
9.8471
9.4287
8.9867
3.2911
2.9698
1.3004
-0.9323
-0.5748
-1.9689
-0.8349
-0.6711
-1.5347
-3.2424
5.6013
3.259
0.1344
1.1739
-0.7162
-1.0369
-1.4774
-3.176
-2.7259
-5.5349
3.021
2.2099
2.0146
3.7033
1.0527
3.4779
2.634
0.1082
3.5322
0.736
-0.559
0.1456
-1.1681
-0.1858
0.5407
1.0585
-0.8541
-0.4265
-0.3245
0.8102
3.0992
4.1709
2.655
3.7997
3.5706
3.7436
3.4262
5.8013
4.7842
5.8923
2.796
1.7102
2.3491
4.2273
4.217
4.0599
5.0486
4.9645
4.555
4.7985
1.1041
-2.4417
-3.6108
-5.5637
-7.6621
-9.1868
-11.1742
-10.9029
-11.213
-13.1201
3.0523
2.3373
3.3546
3.1322
2.199
1.9414
2.0789
1.8331
1.7747
3.546
4.4886
6.6825
6.168
8.4202
7.9504
9.2464
8.4136
7.6722
7.288
7.1472
2.6793
3.3661
5.3141
4.9089
5.7266
6.1798
5.1663
4.7094
7.7177
4.9084
2.7885
2.8518
3.5969
3.9596
4.6249
5.5482
5.2413
4.6851
4.8772
4.5193
2.5352
0.5161
-0.0662
-3.2671
-3.7966
-6.5259
-7.4986
-8.4776
-8.117
-9.2956
4.6092
4.1043
3.7541
3.3149
2.1891
3.5085
4.6723
4.2685
3.767
3.6206
2.1399
4.7482
5.6116
7.3255
7.5524
8.231
7.5929
9.3575
8.9108
10.9405
2.2209
0.1156
0.9029
-0.5478
-1.1872
-2.4915
-1.4263
-2.5174
-5.3275
-3.8753
5.0375
2.5997
1.9798
2.2436
0.1396
-0.1174
0.5054
0.7028
-1.5194
-1.8724
4.695
0.2923
-0.276
-1.0946
-2.1565
-3.2315
-3.3361
-3.9343
-4.7537
-4.2853
3.3853
1.9638
3.1761
1.0946
1.2484
1.0554
-0.1896
-0.5533
-0.0589
-0.3558
5.7658
4.4317
5.1605
5.355
3.9588
3.3095
1.0018
2.6927
3.7882
5.6096
2.4666
3.1459
3.6449
2.4414
3.3303
3.1375
2.7048
4.7565
3.11
2.6443
2.2091
-1.2525
-0.8883
-0.5111
-1.2287
-4.9286
-4.4839
-4.4415
-4.1244
-4.0013
2.3258
3.6522
3.3502
2.5338
1.1653
0.0689
2.5559
1.745
3.6773
2.0225
1.0587
-1.8879
-2.8774
-0.4508
-2.5627
-3.1433
-1.1187
-2.8453
-3.4164
-3.2917
4.2932
3.3548
4.9264
4.7577
5.67
4.4432
5.1553
6.0113
6.6282
5.4146
0.9849
2.1854
4.4652
5.3567
5.8014
5.9917
7.5784
6.1353
6.2973
5.6599
3.3033
4.5671
5.619
6.7337
10.8019
9.3704
8.943
9.9068
7.1811
10.7665
3.6079
5.253
4.8865
6.0565
4.9932
6.2036
5.8739
7.1126
5.5369
7.7409
3.3479
1.512
6.1982
3.5109
3.9232
6.3216
4.8597
4.0422
5.9533
6.3857
2.3923
4.4679
4.5528
7.6957
7.4404
8.4698
9.769
10.1181
11.5782
10.1984
1.838
4.5074
3.0345
4.2898
6.4368
7.6955
6.691
6.7185
11.1583
7.9119
3.081
1.5078
0.7095
0.6976
0.7484
-1.5946
-0.4304
-1.7291
-3.0547
-3.3563
3.8659
6.6652
7.6286
10.8525
11.289
11.8334
12.1507
14.5897
14.3494
15.1096
5.76
2.5159
3.8619
3.4692
2.1942
3.4194
3.5735
1.9245
3.6678
2.8395
6.4446
6.845
9.1199
9.414
9.3033
9.2179
9.8776
11.8454
11.9477
10.4909
-0.4994
1.4569
2.3206
1.9688
2.0584
2.1535
3.5354
3.1301
1.7246
5.271
1.9952
1.9689
5.8589
3.1893
4.93
3.9518
5.7253
5.6075
7.5814
6.3698
4.0658
6.2365
7.3797
8.9908
9.6701
8.9322
13.5259
9.8859
12.4339
12.4582
3.3536
5.0608
4.3214
4.8788
5.8948
7.4973
6.7876
7.1812
7.1351
7.4502
1.7914
5.2619
3.3727
6.23
5.4291
6.0421
5.2206
6.1258
8.6676
7.3526
1.8903
2.6282
2.8552
4.2837
0.3636
1.7701
3.2042
2.5165
1.3126
1.3184
0.0983
1.6548
1.4976
-1.0417
-2.011
-1.4554
-2.7152
-0.5184
-2.3735
-2.6352
0.8468
-0.0405
1.3513
3.1591
2.8324
1.4002
1.3919
2.0035
2.7298
-0.1488
2.6096
3.848
4.9125
6.6462
7.7974
8.361
9.1809
10.2613
8.7104
8.6551
1.3029
2.892
3.5188
5.2522
4.0431
5.2797
5.6239
6.1587
5.0704
5.5338
4.0822
7.4249
8.8738
8.2149
9.8145
10.6512
11.3745
13.118
11.8241
11.0941
1.0078
6.5215
11.0691
10.4624
12.5822
13.558
16.4723
16.5563
17.6362
18.9572
5.132
2.9417
4.4216
2.9455
4.7005
5.1733
4.9278
3.2305
5.1052
6.0179
2.4692
2.0083
0.955
0.7979
0.0317
1.1263
2.447
0.5421
2.5636
-0.8937
2.7839
4.5209
6.1842
7.3996
9.1789
8.3877
10.5545
11.8394
11.0662
10.8449
1.7686
2.2162
3.3314
5.2399
3.3515
4.2568
5.7447
7.4538
5.3732
5.0513
4.1747
2.4598
1.4371
2.1353
0.7389
0.8276
1.5915
1.666
-1.9466
1.8213
4.4966
7.3616
4.8559
5.9672
7.037
7.5256
7.1158
8.533
9.37
9.9341
1.5143
0.4367
0.0042
-2.9229
-2.8128
-1.9824
-3.8778
-2.4841
-4.7914
-3.8146
3.2359
2.8295
0.1788
1.0785
1.3405
0.5967
1.9654
-1.3355
0.1299
1.4611
3.3478
5.4847
8.8028
9.4435
10.4028
11.1707
11.8576
14.0231
13.6093
12.6027
3.2498
1.6599
4.2006
1.0909
3.6603
2.8517
2.6619
2.6255
4.1781
3.0621
2.6823
3.8163
2.4674
3.3861
4.779
4.015
4.8322
4.9235
3.967
6.9508
1.4453
1.3053
4.1386
5.015
6.8496
6.4871
9.3953
10.4951
10.1647
12.1698
1.3918
1.2066
1.3229
-0.4979
0.8795
2.2595
0.7322
0.5785
0.8323
2.8263
2.4788
6.8395
6.9458
8.9886
11.099
12.7438
11.6991
12.369
16.8486
15.259
4.6891
4.6637
4.0133
4.169
2.4422
3.9332
3.1236
3.0251
3.5006
4.1977
0.8768
1.4069
3.1759
4.6873
2.4169
3.6935
5.4955
4.5219
7.0448
5.5597
3.3445
3.938
4.3224
5.2087
3.5151
3.3361
4.5807
2.7776
5.6658
3.0776
2.4982
-0.1483
1.2386
2.3849
3.1318
1.1878
1.6108
2.9268
2.5058
3.2314
0.3526
3.4072
7.3864
8.7267
9.4148
12.9361
12.8673
12.5217
14.7531
15.8301
1.2384
3.294
5.5655
6.6056
7.8645
8.816
10.8481
11.6259
10.8765
10.2829
3.6818
1.617
0.8175
0.0212
1.2995
0.1052
-0.5842
-0.7849
-2.2215
-2.7019
2.6163
1.2673
1.5018
1.4724
1.2611
-0.8309
-0.8937
-0.8186
1.0588
-1.2477
3.199
4.2961
3.5579
5.5738
4.3297
5.2997
5.6912
7.754
5.6449
8.2572
0.9697
0.2483
1.5243
3.8788
3.4258
2.7238
3.523
3.3993
4.0226
3.4989
4.0202
4.105
3.8326
2.9258
4.7186
5.9854
3.8134
4.1601
5.6121
4.7654
2.2207
2.5077
6.3335
6.7274
11.0679
9.7225
11.4224
10.948
11.7641
10.5087
3.6897
3.6695
4.7971
5.7483
6.352
6.9464
7.9503
6.8435
7.0854
6.5594
3.0427
1.4375
2.1067
4.1749
3.1629
5.4015
4.0503
3.3187
4.4927
5.5318
0.4629
1.8712
0.2031
0.8467
1.0015
2.2918
-0.4159
-1.0211
1.3351
-2.6187
-1.1374
2.0621
-2.2936
-1.9314
-1.6531
-0.0187
-0.1662
-1.095
-1.8958
0.0137
3.7505
5.0774
5.8424
5.7129
5.6467
6.3333
5.6426
6.542
5.8538
7.9544
2.6378
5.146
7.6199
10.2929
9.3746
11.2835
14.8194
16.6223
15.6763
13.3386
1.9687
4.9332
4.4583
4.2255
3.9863
1.0934
3.9053
4.721
3.3643
2.1626
3.7077
1.1638
-0.6198
-1.5265
-3.3314
-1.3307
-1.2601
-2.7665
-3.9409
-2.8847
4.3165
4.2992
4.402
5.7324
5.1934
5.7507
6.778
5.2697
7.7148
7.9111
3.5173
0.445
-0.0395
1.4183
-0.4299
-2.8243
-2.5329
-3.1765
-1.7125
-2.2249
3.6808
0.4475
2.2829
2.4218
2.7635
1.676
3.422
4.2611
3.8888
5.0445
5.0507
1.4564
0.2505
0.0327
-1.2947
-1.953
-3.4041
-2.4255
-2.7314
-3.428
-1.0905
1.8397
-0.6658
-2.1543
-1.1661
-3.3518
-2.7377
-2.8724
-2.0921
-5.0577
0.5899
1.2344
2.9951
3.3393
4.3285
4.5293
4.2051
6.0583
6.7544
6.691
2.8362
4.3913
6.0333
7.0902
5.8566
8.0769
7.9947
9.259
9.2252
10.4639
1.0683
2.0879
2.1806
3.5327
2.6536
4.0407
3.6962
4.351
4.0852
1.004
3.7092
5.7812
8.0899
10.8314
12.009
11.9945
13.2905
13.1656
14.3234
15.7193
2.4883
3.3929
8.1768
8.8812
9.5418
9.4178
13.0662
12.3486
12.7354
13.0187
0.4446
2.296
1.6992
1.8209
3.46
2.6582
4.6571
3.6199
0.2479
1.6225
0.0491
4.5574
6.514
5.3616
5.7409
6.4646
7.78
7.9746
7.5372
9.3634
2.1736
-0.5847
-2.5371
-2.3716
-2.5519
-3.5468
-4.222
-3.6524
-2.9763
-4.3182
2.1095
0.3531
-0.5018
-3.1226
-1.3075
-3.0247
-4.1835
-2.4342
-5.192
-3.6054
3.9834
5.3601
6.9709
8.5642
9.0151
11.8444
9.4677
9.8504
10.31
11.1185
5.2529
5.5834
5.4263
9.0285
7.8288
11.8654
10.3925
11.374
9.5566
11.6753
2.0479
0.5391
4.0059
6.2663
6.8306
7.691
9.8432
10.2536
10.5414
10.2269
5.8474
2.796
2.6313
3.2645
2.2234
2.1469
2.5267
1.5545
1.2764
0.6404
2.7935
5.075
4.2998
5.9926
7.3987
6.2277
7.8651
8.4152
8.3974
9.2089
5.2124
4.364
3.9244
4.1955
2.747
3.6072
3.7354
-1.0128
2.5144
2.9488
1.259
4.2383
4.9089
4.8243
4.6114
7.1473
8.5985
6.9686
9.1656
7.0839
0.3794
-2.8679
-5.2579
-7.3947
-10.1767
-11.1028
-12.097
-13.3934
-13.3475
-14.3926
2.7904
4.3778
3.9897
9.7146
7.8207
9.6605
9.6184
12.451
10.5477
12.9284
5.0319
5.6582
3.596
5.4809
5.3101
5.4012
7.0243
8.4199
7.6823
8.2439
-0.1265
1.9842
3.3037
4.5309
4.6576
5.6203
5.0905
7.495
5.7946
6.3493
0.2193
6.2436
7.6827
10.186
10.7761
12.6681
13.448
14.5893
17.128
15.9965
3.9886
4.3372
2.547
4.9731
5.0868
4.9407
5.6108
5.6345
6.0854
6.632
1.7126
2.2154
-1.896
-0.2549
-0.2893
-1.1115
-3.104
-1.3489
-2.2575
-3.6469
2.4104
1.6678
-0.9494
-3.5633
-2.4921
-4.117
-5.8534
-5.0806
-7.2378
-3.9496
3.7548
-0.6701
-4.8205
-3.6752
-5.4243
-9.0153
-9.7698
-10.9538
-9.7507
-10.9086
5.8124
3.6701
2.2
4.0677
0.9803
0.4636
0.2102
0.1455
-1.1098
-0.0671
